18
393
97 446
97 446
96 446
96 446
95 446
94 446
94 446
93 446
92 446
92 446
91 446
90 446
90 446
89 446
88 446
88 446
87 446
87 446
86 446
85 446
85 446
84 446
83 446
83 446
82 446
81 446
81 446
80 445
79 445
78 445
78 445
77 445
76 445
76 445
74 445
74 445
72 445
72 444
71 444
71 444
70 444
69 444
69 444
67 444
67 444
66 443
65 443
65 443
64 443
64 442
63 442
62 442
62 442
60 442
60 442
59 442
58 441
58 441
57 441
56 441
56 441
55 441
55 440
54 440
53 440
53 439
52 439
51 439
51 439
51 439
50 439
50 438
49 438
49 438
48 438
48 438
47 437
46 437
46 436
46 436
45 436
44 435
44 435
44 435
43 434
42 433
42 433
42 432
41 432
41 431
40 431
40 430
40 430
40 429
40 429
40 428
40 427
39 427
39 426
39 426
39 425
39 425
39 424
39 424
39 423
39 423
39 422
39 421
38 421
38 420
38 420
38 419
38 418
38 418
38 417
38 417
38 415
38 415
38 414
38 414
38 413
38 412
38 412
38 411
38 411
38 409
38 409
38 408
38 408
39 407
39 406
39 405
39 405
39 404
39 403
39 402
39 401
39 400
39 400
39 399
39 398
40 397
40 396
40 396
40 394
40 394
40 393
40 392
40 391
41 391
41 390
41 389
41 388
42 387
42 387
42 386
42 385
42 384
43 384
43 382
44 382
44 381
44 380
44 379
45 379
45 378
46 377
46 376
46 376
46 375
47 374
48 373
48 373
48 372
48 372
49 371
49 370
49 369
50 369
51 368
51 367
51 367
52 366
53 366
53 366
54 365
55 364
55 364
56 363
56 363
57 363
58 362
58 361
59 361
60 361
60 361
61 360
62 360
62 360
63 360
64 360
65 359
65 359
66 359
67 358
68 358
69 358
70 358
71 358
72 358
73 358
74 358
75 358
76 358
78 358
78 358
80 358
81 358
82 358
83 358
84 358
85 358
87 358
88 358
89 358
90 358
91 358
92 358
94 358
95 358
96 358
97 359
99 359
100 360
101 360
103 360
104 360
105 360
106 361
107 361
108 361
110 362
111 362
112 363
113 363
114 363
115 364
117 364
117 364
119 365
119 365
120 366
122 366
122 366
124 367
124 367
125 367
126 368
127 368
128 369
128 369
129 369
129 370
130 370
131 370
131 370
132 371
133 372
133 372
133 372
134 372
135 373
135 373
135 373
135 374
136 374
136 375
136 375
137 376
137 376
137 377
138 377
138 378
138 378
138 379
138 379
138 380
138 381
138 381
138 382
138 382
138 383
138 384
138 384
138 385
138 385
137 386
137 387
136 387
136 388
136 388
136 389
135 390
135 390
135 390
135 391
134 391
134 391
133 392
133 393
133 393
133 393
132 393
132 394
131 394
131 394
131 394
130 395
129 395
129 395
129 396
128 396
128 396
127 396
126 396
126 396
126 396
125 396
124 396
124 396
123 396
122 396
122 397
121 397
120 397
120 397
119 397
119 397
118 397
117 397
117 397
116 397
115 397
115 397
114 397
113 397
113 397
112 397
112 397
111 397
110 397
110 397
109 397
108 397
108 397
107 397
106 397
106 397
105 397
104 397
104 397
103 397
103 397
102 397
101 397
101 397
100 397
99 397
99 397
98 397
97 397
97 397
96 397
96 397
95 397
94 397
94 397
93 397
92 397
92 397
91 397
90 397
90 397
89 397
88 397
88 397
87 397
87 397
86 397
85 397
85 397
84 397
83 397
325
190 429
190 429
190 428
190 427
190 427
190 426
190 426
189 425
189 424
189 424
188 423
188 423
188 422
188 421
188 421
188 420
187 420
187 420
187 419
187 418
186 418
186 417
186 417
186 416
186 415
186 415
185 414
185 414
184 413
184 412
184 412
184 411
184 410
184 409
183 409
183 408
183 408
183 406
183 406
182 405
182 405
181 403
181 403
181 402
181 402
180 400
180 400
179 399
179 398
179 397
179 397
178 396
178 395
177 394
177 393
177 393
177 392
176 391
176 390
176 389
175 388
175 388
175 387
174 386
174 385
174 384
174 383
173 382
172 382
172 381
172 380
172 379
171 378
171 378
170 376
170 376
170 375
170 375
169 373
169 373
168 372
168 372
168 371
168 370
167 369
167 369
167 368
167 367
166 367
166 366
165 366
165 365
165 364
165 364
164 364
164 363
164 363
163 362
163 361
163 361
163 360
163 360
162 359
162 358
162 359
162 360
162 360
163 360
163 361
163 362
163 363
163 363
163 364
163 365
163 366
164 366
164 367
164 368
164 369
165 370
165 371
165 372
165 373
165 374
165 375
166 376
166 377
166 378
167 379
167 380
167 381
167 382
167 383
167 384
167 385
168 386
168 387
168 388
168 389
168 390
168 391
169 392
169 393
169 394
170 395
170 396
170 397
170 398
170 399
171 400
171 401
171 402
172 403
172 403
172 405
172 405
172 406
173 407
173 408
173 409
174 409
174 411
174 411
174 412
175 413
175 414
176 415
176 415
176 416
176 417
177 418
177 418
177 419
177 420
178 420
178 421
179 422
179 423
179 423
180 424
180 424
181 425
181 426
181 426
181 427
182 427
183 428
183 429
183 429
183 430
184 430
184 431
184 432
184 432
185 432
185 433
186 433
186 434
186 434
186 435
187 435
188 436
188 436
188 437
189 438
189 438
190 438
190 439
190 439
190 440
191 440
191 441
192 441
192 442
192 442
192 441
193 441
193 440
193 439
193 439
193 438
194 438
194 438
195 437
195 436
195 436
195 435
196 434
196 433
197 433
197 432
197 432
198 430
198 430
199 429
199 428
199 427
200 427
200 426
200 425
201 424
202 423
202 422
202 421
203 420
204 420
204 418
205 417
205 417
206 415
206 414
207 413
208 412
208 411
209 410
209 409
210 408
211 407
211 406
212 405
213 403
213 402
214 402
215 400
215 399
216 398
216 397
217 396
218 395
218 394
219 393
220 392
220 391
221 390
221 389
222 388
222 387
223 387
224 386
224 385
225 384
225 384
225 382
226 382
227 381
227 381
227 380
228 379
229 378
229 378
229 377
230 376
230 376
231 375
231 375
231 375
232 374
232 373
232 373
232 372
233 372
233 371
234 370
234 370
234 369
234 369
235 368
235 367
236 367
236 366
236 366
236 366
236 365
236 364
236 364
237 364
237 363
237 363
237 362
237 361
237 362
237 363
237 363
236 363
236 364
81
178 389
179 389
179 389
180 389
181 388
181 388
182 388
183 388
183 387
184 387
184 387
184 387
185 387
186 387
186 387
186 386
187 386
188 386
188 386
189 386
190 386
190 386
190 385
191 385
192 385
192 385
193 385
193 385
195 385
195 385
195 385
196 385
197 385
198 385
199 385
200 385
200 385
201 385
202 385
202 385
203 385
204 386
205 386
206 386
207 386
208 386
208 386
209 386
210 387
211 387
212 387
213 387
213 387
215 387
215 387
216 387
217 387
218 388
219 388
220 388
220 388
222 388
222 388
223 388
224 388
224 388
225 389
226 389
227 389
227 389
228 389
229 390
229 390
230 390
231 390
231 390
231 390
232 390
232 390
233 390
234 390
173
362 435
362 435
362 434
362 433
363 433
363 433
363 432
363 432
363 431
363 430
364 430
364 430
364 429
364 429
364 428
364 427
364 427
364 426
364 426
364 425
364 424
364 424
364 423
364 423
364 422
364 421
364 421
364 420
364 420
364 419
364 418
363 417
363 417
363 417
363 416
363 415
362 415
362 414
362 414
362 413
362 412
362 412
362 411
362 411
361 410
361 409
361 409
360 408
360 408
360 407
360 406
360 405
359 405
359 404
359 403
359 403
358 402
358 401
357 400
357 400
357 399
357 398
357 397
356 396
355 396
355 395
355 394
355 393
354 393
354 391
353 391
353 390
353 389
352 388
352 387
351 387
351 385
350 385
349 383
349 383
348 382
348 381
348 380
347 379
346 378
346 378
345 376
344 376
344 375
344 373
343 373
343 372
342 370
341 370
341 369
340 368
339 367
339 366
338 365
337 364
337 363
336 362
336 361
335 360
334 359
334 358
333 357
332 356
332 355
331 354
330 353
330 352
329 351
328 350
328 349
327 348
327 347
326 346
325 345
325 345
324 343
324 343
323 342
323 341
322 340
321 339
321 339
320 337
320 337
320 336
319 335
318 334
318 334
318 333
317 332
316 331
316 331
315 330
315 330
314 329
314 328
314 328
313 327
312 327
312 326
312 325
312 325
311 325
311 324
311 324
311 323
310 323
310 322
309 322
309 321
309 321
308 321
308 320
307 320
308 320
309 321
309 321
309 322
309 322
309 323
309 324
309 324
309 325
309 325
309 326
308 327
308 327
308 328
207
271 416
272 415
272 415
273 415
273 414
274 414
275 414
275 413
276 412
277 412
277 412
278 411
279 411
279 411
280 410
280 409
281 409
282 409
283 408
284 408
284 407
286 406
286 406
287 405
288 405
289 404
290 403
291 403
293 402
293 402
294 401
295 400
296 399
297 399
298 397
300 397
301 396
302 396
304 394
304 394
305 393
307 392
310 390
310 390
311 389
312 388
314 387
315 386
316 385
318 384
319 383
320 382
321 381
323 380
324 379
325 378
327 377
328 376
329 375
332 373
332 373
333 372
334 372
336 370
336 370
337 369
339 368
339 367
341 366
341 366
343 364
343 364
344 363
345 363
346 361
346 361
348 360
348 360
349 359
350 358
350 357
352 357
352 356
353 355
354 354
355 354
355 354
356 353
357 352
357 352
359 351
359 351
359 351
360 350
360 349
361 349
362 348
362 348
363 347
364 346
364 346
364 346
365 346
365 345
366 345
366 345
365 345
364 345
364 345
363 345
362 345
362 345
362 345
362 346
362 346
361 346
361 347
360 347
360 347
359 347
359 347
358 347
358 348
357 348
357 348
357 348
356 349
355 349
355 349
355 349
354 350
353 351
353 351
353 351
352 352
352 352
351 352
351 352
350 353
350 354
350 354
350 354
349 354
348 354
348 355
348 355
347 356
346 356
346 357
346 357
346 357
345 357
344 358
344 358
343 359
343 360
342 360
341 360
341 361
341 361
341 361
340 362
340 362
339 362
339 363
339 363
338 363
337 364
337 364
336 365
336 366
335 366
335 366
334 367
334 367
334 367
334 367
335 367
336 367
336 367
336 367
337 367
337 366
337 366
338 366
338 366
339 366
339 366
339 365
340 365
341 365
341 364
341 364
342 364
342 365
341 366
341 366
341 366
341 367
340 367
339 367
339 368
339 368
339 369
338 369
337 369
337 369
110
117 277
118 276
118 276
118 276
119 275
119 274
119 274
120 273
120 273
120 272
120 271
120 270
121 269
121 268
122 267
122 267
122 265
122 265
122 264
122 263
122 262
123 261
123 261
123 261
123 260
123 259
123 258
123 258
123 257
123 256
123 256
123 255
123 254
123 253
123 252
123 252
123 250
123 250
123 249
123 249
123 248
123 247
123 246
123 244
123 244
123 243
123 240
123 240
123 240
123 238
123 237
123 235
123 234
123 233
123 231
123 231
123 230
122 229
122 227
122 227
122 226
122 225
122 224
122 222
122 222
122 220
122 220
122 219
122 217
122 217
122 216
122 215
122 213
122 213
122 212
122 211
122 210
122 208
122 208
122 207
122 207
122 206
122 204
122 204
122 203
122 202
122 201
122 200
122 199
122 198
122 198
122 196
122 196
122 196
122 195
122 193
122 193
122 193
122 192
122 192
122 190
122 190
122 189
122 189
122 188
122 187
122 187
122 187
122 186
122 187
89
163 286
163 285
163 284
163 282
163 282
163 282
163 280
163 279
163 279
163 278
163 276
163 275
163 274
163 273
163 271
163 271
163 270
163 268
163 267
163 265
163 265
163 264
163 261
163 261
163 261
163 259
163 257
163 256
163 255
163 253
163 252
163 251
163 249
163 249
163 247
163 246
163 244
162 243
162 242
162 240
162 240
162 238
161 237
161 235
161 235
161 234
161 232
161 232
161 230
161 229
161 228
161 228
160 227
160 225
160 225
160 224
160 223
159 222
159 221
158 220
158 219
158 219
157 217
157 217
156 216
156 216
156 215
156 214
155 213
155 213
154 212
154 211
154 210
153 210
153 209
153 209
152 209
152 208
152 208
151 207
151 207
151 207
151 206
151 205
150 205
149 205
149 204
148 204
147 204
39
125 232
126 232
126 232
127 232
128 232
129 232
129 232
129 232
131 232
131 232
133 232
133 232
135 232
135 232
135 232
137 231
138 231
140 231
140 231
142 231
142 231
143 231
145 230
145 230
147 230
147 230
148 230
149 230
149 230
150 230
151 230
152 230
153 230
154 230
155 230
156 230
156 231
158 231
158 231
229
204 279
204 279
204 277
204 277
204 277
204 276
204 274
204 274
204 274
204 273
204 273
204 272
204 271
204 270
204 270
204 268
204 268
203 267
203 265
203 265
203 264
203 264
202 262
202 261
202 261
202 261
202 259
202 259
202 258
202 257
202 256
201 255
201 253
201 253
200 252
200 250
200 250
200 250
200 249
199 246
199 246
199 246
199 244
199 244
199 243
198 241
197 240
197 240
197 238
197 237
196 235
196 235
195 233
195 232
195 230
195 230
194 229
194 228
193 226
193 226
193 225
193 225
193 224
192 223
192 222
192 220
192 220
192 220
191 219
191 218
190 217
190 217
190 216
190 216
190 215
190 214
190 214
190 213
190 213
189 213
189 211
189 211
189 210
188 210
188 209
188 208
188 208
188 208
188 209
188 210
188 211
188 211
189 213
189 214
189 215
190 216
190 217
190 217
190 219
190 220
190 221
191 223
191 223
191 223
192 225
192 226
192 228
192 229
193 230
193 232
193 233
194 235
194 236
195 238
195 239
195 241
195 242
196 244
196 245
197 247
197 248
198 250
198 251
199 253
199 254
199 255
199 256
200 258
200 259
200 260
200 261
201 262
201 263
202 264
202 265
202 267
202 267
202 268
203 268
203 270
203 270
203 270
204 271
204 271
204 273
204 273
204 274
204 274
205 275
205 276
205 276
206 277
206 277
206 277
207 277
207 277
208 276
208 276
209 275
209 274
210 273
210 273
211 271
211 271
211 270
213 268
213 268
214 266
215 265
215 264
216 262
216 261
216 261
217 260
218 258
219 256
219 255
220 252
220 252
220 252
221 249
222 248
222 246
222 245
223 243
223 243
224 241
224 240
224 240
224 238
225 236
225 236
225 235
225 233
225 232
225 230
225 229
226 227
226 226
226 224
226 223
226 222
226 221
226 219
226 219
226 217
226 216
226 215
226 214
226 214
226 213
226 213
226 212
226 211
226 211
226 210
226 211
226 211
226 212
226 213
226 213
226 214
226 214
226 215
227 215
227 216
227 216
227 217
227 217
38
188 234
188 234
189 234
190 234
190 234
191 233
192 233
192 232
193 232
193 232
194 232
195 232
195 231
196 231
197 231
197 230
197 230
198 230
199 230
199 230
200 230
200 230
201 230
202 230
203 230
204 230
204 230
206 230
206 230
208 230
208 230
209 230
211 230
211 230
213 230
214 230
215 230
216 230
288
325 286
325 286
325 285
325 285
325 284
325 283
325 282
325 280
325 279
325 279
325 278
325 278
325 277
325 276
325 274
325 274
324 273
324 273
324 273
323 271
323 270
323 269
323 267
323 267
322 267
322 265
321 264
321 262
321 262
320 261
320 259
320 258
318 256
318 255
318 253
316 251
316 250
315 247
314 246
314 246
314 244
313 243
312 241
312 241
311 239
311 237
310 236
309 234
309 233
307 230
307 229
307 229
306 228
305 225
304 225
304 222
302 220
302 220
302 219
301 217
300 215
300 215
299 213
299 213
299 212
298 210
297 208
296 206
296 206
296 205
295 204
294 202
294 202
293 200
293 200
293 199
292 198
292 196
291 195
290 193
290 193
289 192
289 190
289 189
288 188
288 187
288 187
287 186
287 184
287 184
286 184
286 183
286 183
286 182
286 181
286 181
286 182
287 183
288 183
288 184
288 185
288 186
288 186
289 187
289 189
289 190
289 190
290 192
290 192
291 193
291 195
292 196
293 198
293 199
293 201
294 203
295 205
295 205
295 206
296 208
296 210
297 212
298 213
298 215
299 217
299 217
299 218
300 220
300 222
302 225
302 225
302 226
302 226
303 229
303 229
303 230
304 232
305 234
305 237
305 237
306 238
307 240
307 241
308 243
309 245
309 246
310 249
311 250
311 252
312 253
312 255
313 256
314 258
314 259
315 261
316 263
316 264
317 265
318 267
318 267
318 268
318 269
319 271
320 271
320 273
322 279
322 280
323 280
323 282
323 282
323 283
323 283
324 284
324 284
324 285
324 285
324 286
324 286
324 287
325 287
325 288
325 288
325 288
325 287
325 286
325 285
325 285
326 283
326 282
326 281
327 279
327 279
327 278
327 277
327 276
327 274
327 273
327 273
328 272
328 270
328 269
328 267
328 267
328 265
328 264
329 262
329 262
329 261
329 260
330 258
330 258
330 256
330 255
330 255
330 254
330 252
331 251
331 250
331 249
332 248
332 246
332 246
332 246
332 244
332 243
332 242
332 242
332 240
332 240
332 239
332 239
332 238
333 237
333 236
333 235
333 235
333 233
333 233
334 232
334 231
334 230
334 228
334 228
334 227
334 227
334 225
334 225
334 223
334 223
335 222
335 222
335 221
335 221
335 220
335 220
336 219
336 217
336 216
336 215
336 215
336 214
336 213
337 211
337 210
337 209
337 209
337 208
337 208
337 207
337 206
338 205
338 204
338 202
339 202
339 201
339 201
339 200
339 199
339 199
339 198
340 198
340 197
340 196
340 197
340 198
340 198
340 199
340 199
153
357 286
357 286
357 286
357 285
357 284
357 283
357 283
356 282
356 282
356 280
356 280
355 279
355 278
355 277
355 277
355 276
355 274
355 274
354 273
354 271
354 271
353 270
353 269
353 269
353 268
353 267
353 265
353 264
352 262
352 262
352 261
352 259
352 257
352 257
351 256
351 256
351 254
351 254
350 253
350 253
350 251
350 251
350 249
350 249
350 247
349 246
349 244
348 243
348 241
348 241
348 239
348 239
348 238
347 236
347 236
347 234
347 232
347 232
347 230
346 229
346 229
346 228
346 227
346 225
346 224
346 222
346 221
346 219
346 219
346 218
346 218
345 216
345 216
345 215
345 215
345 213
345 212
345 211
345 210
344 208
344 207
344 207
344 205
344 205
344 204
344 204
344 202
344 202
344 201
344 200
344 199
344 199
343 198
343 197
343 196
343 195
343 195
343 193
343 193
343 192
343 192
343 191
343 190
342 190
342 189
342 189
342 188
342 187
342 187
342 186
341 186
341 186
341 185
341 184
341 184
341 183
341 183
341 182
341 181
341 181
341 180
341 180
341 179
341 178
341 178
341 177
341 177
341 176
341 175
341 175
341 174
341 174
341 173
340 172
340 172
340 171
340 171
340 170
340 169
340 169
340 168
339 168
339 167
339 166
339 166
339 165
339 165
339 164
339 163
339 163
339 162
339 162
339 161
193
397 285
397 285
397 284
397 283
397 283
397 282
397 281
397 280
397 280
397 279
397 278
396 276
396 276
396 275
396 274
396 273
396 273
396 272
396 270
396 269
396 267
395 266
395 264
395 262
394 261
394 259
394 257
394 255
394 253
393 251
392 249
392 247
392 245
392 243
392 243
391 241
391 238
390 237
389 233
389 231
388 228
387 225
387 223
387 223
386 220
385 218
385 216
384 214
384 214
384 211
383 209
383 209
382 207
382 205
382 205
382 202
381 201
380 199
380 199
380 196
380 195
379 193
378 191
378 190
378 190
378 188
378 187
378 186
378 184
377 183
377 182
377 181
377 180
377 180
377 179
377 178
378 179
378 180
378 180
378 181
378 182
379 184
379 185
380 187
380 189
380 191
381 193
381 195
382 197
382 199
382 201
383 202
384 205
384 207
384 209
385 213
385 213
385 215
386 217
387 221
387 221
387 223
388 226
388 226
389 228
389 230
391 232
391 235
392 237
392 240
392 240
393 242
394 244
394 246
395 249
396 251
396 253
396 255
397 257
398 259
398 261
398 263
399 265
400 267
400 268
400 270
400 272
401 274
401 275
401 277
401 279
402 280
402 282
402 283
403 284
403 285
403 286
403 288
403 288
403 289
404 290
404 291
404 291
404 292
404 292
405 293
405 292
405 291
406 290
407 288
407 285
408 283
409 280
409 278
410 274
410 274
411 271
412 268
414 263
414 260
415 256
416 251
417 247
417 244
418 240
419 237
419 234
419 229
420 225
420 222
420 219
421 216
421 213
421 210
421 208
421 205
421 204
421 201
421 199
421 198
421 196
421 196
422 195
422 194
422 193
422 193
422 192
422 192
421 192
421 192
421 193
421 195
421 196
45
376 219
377 219
378 219
378 219
378 220
379 220
380 220
381 220
382 220
383 221
383 221
384 221
385 221
386 222
387 222
389 222
391 222
392 222
393 223
394 223
396 223
398 223
398 223
399 223
400 223
401 223
403 224
405 224
405 224
407 224
407 224
407 224
408 224
409 225
411 225
411 225
412 225
412 225
414 225
414 225
414 225
415 225
416 225
416 225
417 225
159
317 228
316 228
316 228
315 228
314 228
314 228
313 228
312 228
311 228
311 228
310 228
309 228
309 228
308 228
308 229
309 229
309 229
310 229
311 229
311 228
311 228
312 228
312 228
313 228
314 228
314 228
315 228
316 228
316 228
317 228
318 228
318 228
319 228
320 228
320 228
321 228
321 228
322 228
323 228
323 228
323 228
324 228
325 228
325 228
326 228
327 228
327 228
327 227
328 227
328 227
329 227
330 227
330 227
331 227
332 227
332 227
332 226
333 226
334 226
334 226
335 226
336 226
336 226
337 226
337 226
338 226
339 226
339 226
340 226
341 226
341 226
341 226
340 226
339 225
339 225
338 225
337 225
337 225
336 225
336 225
335 225
334 225
333 225
332 224
330 224
330 224
329 224
328 224
327 224
325 224
325 224
323 224
322 224
321 224
320 224
318 224
316 224
316 224
316 224
314 224
314 224
312 224
312 224
311 224
311 224
310 224
309 224
309 224
309 224
310 224
311 224
311 224
312 224
312 224
313 224
314 224
315 224
316 224
316 224
317 224
318 224
319 224
321 224
321 224
321 224
323 224
324 224
325 224
325 224
327 224
328 224
328 224
330 224
330 224
332 224
332 224
332 224
333 224
334 224
334 224
335 224
336 224
336 223
336 223
337 223
337 223
338 223
339 223
339 223
340 223
341 223
341 223
342 223
343 223
343 223
344 223
344 223
345 223
346 223
55
276 277
276 277
277 276
277 276
277 275
277 274
277 273
277 273
277 271
277 271
277 270
277 270
277 268
277 268
277 266
277 265
277 264
277 263
277 261
277 261
277 260
277 259
277 257
277 255
277 255
277 253
277 253
277 252
277 249
277 248
277 246
277 245
277 243
277 243
277 241
277 240
277 238
278 237
278 236
278 234
278 233
278 232
278 230
278 229
278 228
278 226
278 225
278 224
278 223
278 222
278 222
278 221
278 220
278 220
278 220
54
289 282
289 282
289 281
289 280
289 279
289 279
289 277
289 277
290 276
290 276
290 274
290 274
290 274
290 272
290 272
290 271
290 270
290 268
290 267
290 266
290 265
290 264
290 262
290 262
290 261
290 259
290 258
290 257
290 256
290 255
290 253
290 252
290 251
290 250
290 249
290 248
290 248
290 247
290 246
290 246
290 244
290 244
290 244
290 243
290 242
289 241
289 241
289 240
289 240
289 239
289 238
289 238
289 237
289 237
30
276 253
277 253
277 253
278 253
279 253
279 253
280 253
280 253
281 253
282 254
282 254
284 254
284 254
284 255
286 255
287 255
287 255
288 255
289 255
289 255
289 256
290 256
291 256
291 256
292 256
293 256
293 257
294 257
295 257
295 258
